207398
538323
089646
653482
691425
113952
665650
790377
016613
162925
001614
821899
935084
031847
026550
972999
855019
651025
470340
103479
470894
326409
717316
613631
882889
108896
920040
828009
587378
896356
006358
607887
901175
859053
599030
548325
491302
791515
253108
066665
970168
723776
302782
192871
117902
729015
843126
740454
682528
676111
914294
462599
224558
396414
912396
373701
407857
510723
482404
109827
308199
028183
612730
974646
443147
358195
201069
602458
326506
176648
553752
478486
289316
177017
732298
939229
970833
064006
754953
866949
341105
396303
377539
440514
913349
243719
710512
499655
216180
104166
231033
930858
372157
233227
766874
524139
368750
580405
163888
